solid Default
  facet normal 0.000000e+00 -4.440892e-16 -1.000000e+00
    outer loop
      vertex -2.000000e+00 2.000000e+00 0.000000e+00
      vertex 2.000000e+00 2.000000e+00 0.000000e+00
      vertex -2.000000e+00 -2.000000e+00 1.776357e-15
    endloop
  endfacet
  facet normal -0.000000e+00 -4.440892e-16 -1.000000e+00
    outer loop
      vertex 2.000000e+00 2.000000e+00 0.000000e+00
      vertex 2.000000e+00 -2.000000e+00 1.776357e-15
      vertex -2.000000e+00 -2.000000e+00 1.776357e-15
    endloop
  endfacet
  facet normal 1.000000e+00 0.000000e+00 0.000000e+00
    outer loop
      vertex 2.000000e+00 2.000000e+00 0.000000e+00
      vertex 2.000000e+00 2.000000e+00 3.104426e+00
      vertex 2.000000e+00 -2.000000e+00 1.776357e-15
    endloop
  endfacet
  facet normal 1.000000e+00 0.000000e+00 0.000000e+00
    outer loop
      vertex 2.000000e+00 2.000000e+00 3.104426e+00
      vertex 2.000000e+00 -2.000000e+00 3.104426e+00
      vertex 2.000000e+00 -2.000000e+00 1.776357e-15
    endloop
  endfacet
  facet normal 0.000000e+00 1.000000e+00 -1.144403e-15
    outer loop
      vertex -2.000000e+00 2.000000e+00 0.000000e+00
      vertex -2.000000e+00 2.000000e+00 3.104426e+00
      vertex 2.000000e+00 2.000000e+00 0.000000e+00
    endloop
  endfacet
  facet normal 0.000000e+00 1.000000e+00 -1.144403e-15
    outer loop
      vertex -2.000000e+00 2.000000e+00 3.104426e+00
      vertex 2.000000e+00 2.000000e+00 3.104426e+00
      vertex 2.000000e+00 2.000000e+00 0.000000e+00
    endloop
  endfacet
  facet normal 0.000000e+00 0.000000e+00 1.000000e+00
    outer loop
      vertex -7.500000e-01 7.500000e-01 8.604425e+00
      vertex -7.500000e-01 -7.500000e-01 8.604425e+00
      vertex 7.500000e-01 7.500000e-01 8.604425e+00
    endloop
  endfacet
  facet normal 0.000000e+00 0.000000e+00 1.000000e+00
    outer loop
      vertex -7.500000e-01 -7.500000e-01 8.604425e+00
      vertex 7.500000e-01 -7.500000e-01 8.604425e+00
      vertex 7.500000e-01 7.500000e-01 8.604425e+00
    endloop
  endfacet
  facet normal -9.751328e-01 0.000000e+00 2.216211e-01
    outer loop
      vertex -7.500000e-01 -7.500000e-01 8.604425e+00
      vertex -7.500000e-01 7.500000e-01 8.604425e+00
      vertex -2.000000e+00 -2.000000e+00 3.104426e+00
    endloop
  endfacet
  facet normal -9.751328e-01 9.841954e-17 2.216211e-01
    outer loop
      vertex -7.500000e-01 7.500000e-01 8.604425e+00
      vertex -2.000000e+00 2.000000e+00 3.104426e+00
      vertex -2.000000e+00 -2.000000e+00 3.104426e+00
    endloop
  endfacet
  facet normal 0.000000e+00 -9.751328e-01 2.216211e-01
    outer loop
      vertex 2.000000e+00 -2.000000e+00 3.104426e+00
      vertex 7.500000e-01 -7.500000e-01 8.604425e+00
      vertex -2.000000e+00 -2.000000e+00 3.104426e+00
    endloop
  endfacet
  facet normal 0.000000e+00 -9.751328e-01 2.216211e-01
    outer loop
      vertex 7.500000e-01 -7.500000e-01 8.604425e+00
      vertex -7.500000e-01 -7.500000e-01 8.604425e+00
      vertex -2.000000e+00 -2.000000e+00 3.104426e+00
    endloop
  endfacet
  facet normal 9.751328e-01 7.873562e-17 2.216211e-01
    outer loop
      vertex 2.000000e+00 2.000000e+00 3.104426e+00
      vertex 7.500000e-01 7.500000e-01 8.604425e+00
      vertex 2.000000e+00 -2.000000e+00 3.104426e+00
    endloop
  endfacet
  facet normal 9.751328e-01 0.000000e+00 2.216211e-01
    outer loop
      vertex 7.500000e-01 7.500000e-01 8.604425e+00
      vertex 7.500000e-01 -7.500000e-01 8.604425e+00
      vertex 2.000000e+00 -2.000000e+00 3.104426e+00
    endloop
  endfacet
  facet normal 0.000000e+00 9.751328e-01 2.216211e-01
    outer loop
      vertex -7.500000e-01 7.500000e-01 8.604425e+00
      vertex 7.500000e-01 7.500000e-01 8.604425e+00
      vertex -2.000000e+00 2.000000e+00 3.104426e+00
    endloop
  endfacet
  facet normal 0.000000e+00 9.751328e-01 2.216211e-01
    outer loop
      vertex 7.500000e-01 7.500000e-01 8.604425e+00
      vertex 2.000000e+00 2.000000e+00 3.104426e+00
      vertex -2.000000e+00 2.000000e+00 3.104426e+00
    endloop
  endfacet
  facet normal -1.000000e+00 0.000000e+00 0.000000e+00
    outer loop
      vertex -2.000000e+00 -2.000000e+00 1.776357e-15
      vertex -2.000000e+00 -2.000000e+00 3.104426e+00
      vertex -2.000000e+00 2.000000e+00 0.000000e+00
    endloop
  endfacet
  facet normal -1.000000e+00 0.000000e+00 0.000000e+00
    outer loop
      vertex -2.000000e+00 -2.000000e+00 3.104426e+00
      vertex -2.000000e+00 2.000000e+00 3.104426e+00
      vertex -2.000000e+00 2.000000e+00 0.000000e+00
    endloop
  endfacet
  facet normal 0.000000e+00 -1.000000e+00 0.000000e+00
    outer loop
      vertex 2.000000e+00 -2.000000e+00 1.776357e-15
      vertex 2.000000e+00 -2.000000e+00 3.104426e+00
      vertex -2.000000e+00 -2.000000e+00 1.776357e-15
    endloop
  endfacet
  facet normal -0.000000e+00 -1.000000e+00 -0.000000e+00
    outer loop
      vertex 2.000000e+00 -2.000000e+00 3.104426e+00
      vertex -2.000000e+00 -2.000000e+00 3.104426e+00
      vertex -2.000000e+00 -2.000000e+00 1.776357e-15
    endloop
  endfacet
endsolid Default
